1.111111111111111194e+07 0.000000000000000000e+00
1.110699740836727060e+07 0.000000000000000000e+00
1.110288675055514462e+07 0.000000000000000000e+00
1.109877913429522701e+07 0.000000000000000000e+00
1.109467455621301942e+07 0.000000000000000000e+00
1.109057301293900236e+07 0.000000000000000000e+00
1.108647450110864639e+07 0.000000000000000000e+00
1.108237901736239344e+07 0.000000000000000000e+00
1.107828655834564194e+07 0.000000000000000000e+00
1.107419712070875056e+07 0.000000000000000000e+00
1.107011070110701025e+07 0.000000000000000000e+00
1.106602729620066285e+07 0.000000000000000000e+00
1.106194690265486762e+07 0.000000000000000000e+00
1.105786951713969745e+07 0.000000000000000000e+00
1.105379513633014075e+07 0.000000000000000000e+00
1.104972375690607727e+07 0.000000000000000000e+00
1.104565537555228174e+07 0.000000000000000000e+00
1.104158998895841092e+07 0.000000000000000000e+00
1.103752759381898493e+07 0.000000000000000000e+00
1.103346818683339655e+07 0.000000000000000000e+00
1.102941176470588148e+07 0.000000000000000000e+00
1.102535832414553314e+07 0.000000000000000000e+00
1.102130786186627485e+07 0.000000000000000000e+00
1.101726037458685227e+07 0.000000000000000000e+00
1.101321585903083906e+07 0.000000000000000000e+00
1.100917431192660518e+07 0.000000000000000000e+00
1.100513573000733554e+07 0.000000000000000000e+00
1.100110011001100019e+07 0.000000000000000000e+00
1.099706744868035242e+07 0.000000000000000000e+00
1.099303774276291765e+07 0.000000000000000000e+00
1.098901098901098967e+07 0.000000000000000000e+00
1.098498718418161757e+07 0.000000000000000000e+00
1.098096632503660396e+07 0.000000000000000000e+00
1.097694840834248066e+07 0.000000000000000000e+00
1.097293343087051995e+07 0.000000000000000000e+00
1.096892138939670846e+07 0.000000000000000000e+00
1.096491228070175275e+07 0.000000000000000000e+00
1.096090610157106258e+07 0.000000000000000000e+00
1.095690284879474156e+07 0.000000000000000000e+00
1.095290251916757971e+07 0.000000000000000000e+00
1.094890510948905163e+07 0.000000000000000000e+00
1.094491061656329595e+07 0.000000000000000000e+00
1.094091903719912469e+07 0.000000000000000000e+00
1.093693036820998974e+07 0.000000000000000000e+00
1.093294460641399585e+07 0.000000000000000000e+00
1.092896174863388017e+07 0.000000000000000000e+00
1.092498179169701226e+07 0.000000000000000000e+00
1.092100473243538477e+07 0.000000000000000000e+00
1.091703056768558919e+07 0.000000000000000000e+00
1.091305929428883269e+07 0.000000000000000000e+00
1.090909090909090824e+07 0.000000000000000000e+00
1.090512540894220211e+07 0.000000000000000000e+00
1.090116279069767520e+07 0.000000000000000000e+00
1.089720305121685378e+07 0.000000000000000000e+00
1.089324618736383505e+07 0.000000000000000000e+00
1.088929219600725919e+07 0.000000000000000000e+00
1.088534107402031869e+07 0.000000000000000000e+00
1.088139281828073971e+07 0.000000000000000000e+00
1.087744742567077652e+07 0.000000000000000000e+00
1.087350489307720214e+07 0.000000000000000000e+00
1.086956521739130467e+07 0.000000000000000000e+00
1.086562839550887421e+07 0.000000000000000000e+00
1.086169442433019541e+07 0.000000000000000000e+00
1.085776330076004378e+07 0.000000000000000000e+00
1.085383502170767076e+07 0.000000000000000000e+00
1.084990958408679999e+07 0.000000000000000000e+00
1.084598698481561802e+07 0.000000000000000000e+00
1.084206722081676871e+07 0.000000000000000000e+00
1.083815028901734017e+07 0.000000000000000000e+00
1.083423618634886295e+07 0.000000000000000000e+00
1.083032490974729322e+07 0.000000000000000000e+00
1.082641645615301281e+07 0.000000000000000000e+00
1.082251082251082174e+07 0.000000000000000000e+00
1.081860800576992519e+07 0.000000000000000000e+00
1.081470800288392231e+07 0.000000000000000000e+00
1.081081081081080996e+07 0.000000000000000000e+00
1.080691642651296780e+07 0.000000000000000000e+00
1.080302484695714712e+07 0.000000000000000000e+00
1.079913606911447085e+07 0.000000000000000000e+00
1.079525008996041678e+07 0.000000000000000000e+00
1.079136690647481941e+07 0.000000000000000000e+00
1.078748651564185508e+07 0.000000000000000000e+00
1.078360891445003636e+07 0.000000000000000000e+00
1.077973409989220276e+07 0.000000000000000000e+00
1.077586206896551698e+07 0.000000000000000000e+00
1.077199281867145374e+07 0.000000000000000000e+00
1.076812634601579234e+07 0.000000000000000000e+00
1.076426264800861105e+07 0.000000000000000000e+00
1.076040172166427597e+07 0.000000000000000000e+00
1.075654356400143355e+07 0.000000000000000000e+00
1.075268817204301059e+07 0.000000000000000000e+00
1.074883554281619564e+07 0.000000000000000000e+00
1.074498567335243523e+07 0.000000000000000000e+00
1.074113856068743207e+07 0.000000000000000000e+00
1.073729420186113007e+07 0.000000000000000000e+00
1.073345259391771071e+07 0.000000000000000000e+00
1.072961373390557989e+07 0.000000000000000000e+00
1.072577761887736805e+07 0.000000000000000000e+00
1.072194424588992074e+07 0.000000000000000000e+00
1.071811361200428754e+07 0.000000000000000000e+00
1.071428571428571455e+07 0.000000000000000000e+00
1.071046054980364069e+07 0.000000000000000000e+00
1.070663811563169211e+07 0.000000000000000000e+00
1.070281840884766355e+07 0.000000000000000000e+00
1.069900142653352395e+07 0.000000000000000000e+00
1.069518716577540152e+07 0.000000000000000000e+00
1.069137562366357818e+07 0.000000000000000000e+00
1.068756679729248397e+07 0.000000000000000000e+00
1.068376068376068398e+07 0.000000000000000000e+00
1.067995728017087840e+07 0.000000000000000000e+00
1.067615658362989314e+07 0.000000000000000000e+00
1.067235859124866687e+07 0.000000000000000000e+00
1.066856330014224723e+07 0.000000000000000000e+00
1.066477070742979087e+07 0.000000000000000000e+00
1.066098081023454107e+07 0.000000000000000000e+00
1.065719360568383709e+07 0.000000000000000000e+00
1.065340909090909176e+07 0.000000000000000000e+00
1.064962726304579340e+07 0.000000000000000000e+00
1.064584811923349835e+07 0.000000000000000000e+00
1.064207165661582164e+07 0.000000000000000000e+00
1.063829787234042585e+07 0.000000000000000000e+00
1.063452676355902106e+07 0.000000000000000000e+00
1.063075832742735557e+07 0.000000000000000000e+00
1.062699256110520661e+07 0.000000000000000000e+00
1.062322946175637469e+07 0.000000000000000000e+00
1.061946902654867247e+07 0.000000000000000000e+00
1.061571125265392847e+07 0.000000000000000000e+00
1.061195613724796660e+07 0.000000000000000000e+00
1.060820367751060799e+07 0.000000000000000000e+00
1.060445387062566355e+07 0.000000000000000000e+00
1.060070671378091909e+07 0.000000000000000000e+00
1.059696220416813903e+07 0.000000000000000000e+00
1.059322033898305148e+07 0.000000000000000000e+00
1.058948111542534456e+07 0.000000000000000000e+00
1.058574453069865890e+07 0.000000000000000000e+00
1.058201058201058209e+07 0.000000000000000000e+00
1.057827926657263748e+07 0.000000000000000000e+00
1.057455058160028234e+07 0.000000000000000000e+00
1.057082452431289665e+07 0.000000000000000000e+00
1.056710109193377942e+07 0.000000000000000000e+00
1.056338028169014119e+07 0.000000000000000000e+00
1.055966209081309475e+07 0.000000000000000000e+00
1.055594651653764956e+07 0.000000000000000000e+00
1.055223355610270798e+07 0.000000000000000000e+00
1.054852320675105415e+07 0.000000000000000000e+00
1.054481546572935022e+07 0.000000000000000000e+00
1.054111033028812334e+07 0.000000000000000000e+00
1.053740779768176936e+07 0.000000000000000000e+00
1.053370786516853981e+07 0.000000000000000000e+00
1.053001053001053073e+07 0.000000000000000000e+00
1.052631578947368450e+07 0.000000000000000000e+00
1.052262364082778059e+07 0.000000000000000000e+00
1.051893408134642430e+07 0.000000000000000000e+00
1.051524710830704495e+07 0.000000000000000000e+00
1.051156271899089031e+07 0.000000000000000000e+00
1.050788091068301164e+07 0.000000000000000000e+00
1.050420168067226931e+07 0.000000000000000000e+00
1.050052502625131235e+07 0.000000000000000000e+00
1.049685094471658580e+07 1.000000000000000021e-03
1.049317943336831033e+07 1.000000000000000021e-03
1.048951048951048963e+07 1.000000000000000021e-03
1.048584411045089178e+07 1.000000000000000021e-03
1.048218029350104742e+07 1.000000000000000021e-03
1.047851903597624786e+07 1.000000000000000021e-03
1.047486033519553021e+07 1.000000000000000021e-03
1.047120418848167546e+07 1.000000000000000021e-03
1.046755059316120110e+07 1.000000000000000021e-03
1.046389954656435363e+07 1.000000000000000021e-03
1.046025104602510482e+07 1.000000000000000021e-03
1.045660508888114244e+07 1.000000000000000021e-03
1.045296167247386836e+07 1.000000000000000021e-03
1.044932079414837994e+07 1.000000000000000021e-03
1.044568245125348121e+07 1.000000000000000021e-03
1.044204664114166424e+07 1.000000000000000021e-03
1.043841336116910167e+07 1.000000000000000021e-03
1.043478260869565234e+07 1.000000000000000021e-03
1.043115438108484074e+07 1.000000000000000021e-03
1.042752867570385896e+07 1.000000000000000021e-03
1.042390548992355727e+07 1.000000000000000021e-03
1.042028482111844420e+07 1.000000000000000021e-03
1.041666666666666605e+07 1.000000000000000021e-03
1.041305102395001799e+07 1.000000000000000021e-03
1.040943789035392180e+07 1.000000000000000021e-03
1.040582726326742955e+07 1.000000000000000021e-03
1.040221914008321799e+07 1.000000000000000021e-03
1.039861351819757372e+07 1.000000000000000021e-03
1.039501039501039498e+07 1.000000000000000021e-03
1.039140976792518236e+07 1.000000000000000021e-03
1.038781163434903137e+07 1.000000000000000021e-03
1.038421599169262685e+07 1.000000000000000021e-03
1.038062283737024292e+07 1.000000000000000021e-03
1.037703216879972257e+07 1.000000000000000021e-03
1.037344398340248875e+07 1.000000000000000021e-03
1.036985827860352583e+07 1.000000000000000021e-03
1.036627505183137581e+07 1.000000000000000021e-03
1.036269430051813461e+07 1.000000000000000021e-03
1.035911602209944837e+07 1.000000000000000021e-03
1.035554021401449852e+07 1.000000000000000021e-03
1.035196687370600365e+07 1.000000000000000021e-03
1.034839599862021394e+07 1.000000000000000021e-03
1.034482758620689623e+07 1.000000000000000021e-03
1.034126163391933776e+07 1.000000000000000021e-03
1.033769813921433501e+07 1.000000000000000021e-03
1.033413709955218807e+07 1.000000000000000021e-03
1.033057851239669509e+07 1.000000000000000021e-03
1.032702237521514669e+07 1.000000000000000021e-03
1.032346868547832035e+07 1.000000000000000021e-03
1.031991744066047482e+07 1.000000000000000021e-03
1.031636863823933899e+07 1.000000000000000021e-03
1.031282227569611557e+07 1.000000000000000021e-03
1.030927835051546432e+07 1.000000000000000021e-03
1.030573686018550396e+07 1.000000000000000021e-03
1.030219780219780281e+07 1.000000000000000021e-03
1.029866117404737324e+07 1.000000000000000021e-03
1.029512697323266976e+07 1.000000000000000021e-03
1.029159519725557417e+07 1.000000000000000021e-03
1.028806584362139925e+07 1.000000000000000021e-03
1.028453890983887576e+07 1.000000000000000021e-03
1.028101439342015050e+07 1.000000000000000021e-03
1.027749229188078083e+07 1.000000000000000021e-03
1.027397260273972526e+07 1.000000000000000021e-03
1.027045532351934351e+07 1.000000000000000021e-03
1.026694045174537972e+07 1.000000000000000021e-03
1.026342798494697176e+07 1.000000000000000021e-03
1.025991792065663449e+07 1.000000000000000021e-03
1.025641025641025603e+07 1.000000000000000021e-03
1.025290498974709585e+07 1.000000000000000021e-03
1.024940211820977181e+07 1.000000000000000021e-03
1.024590163934426196e+07 1.000000000000000021e-03
1.024240355069989711e+07 1.000000000000000021e-03
1.023890784982935153e+07 1.000000000000000021e-03
1.023541453428863920e+07 1.000000000000000021e-03
1.023192360163710825e+07 1.000000000000000021e-03
1.022843504943743534e+07 1.000000000000000021e-03
1.022494887525562383e+07 1.000000000000000021e-03
1.022146507666098885e+07 1.000000000000000021e-03
1.021798365122615732e+07 1.000000000000000021e-03
1.021450459652706794e+07 1.000000000000000021e-03
1.021102791014295444e+07 1.000000000000000021e-03
1.020755358965634555e+07 1.000000000000000021e-03
1.020408163265306130e+07 1.000000000000000021e-03
1.020061203672220372e+07 1.000000000000000021e-03
1.019714479945615306e+07 1.000000000000000021e-03
1.019367991845056042e+07 2.000000000000000042e-03
1.019021739130434766e+07 2.000000000000000042e-03
1.018675721561969444e+07 2.000000000000000042e-03
1.018329938900203630e+07 2.000000000000000042e-03
1.017984390906006098e+07 2.000000000000000042e-03
1.017639077340569906e+07 2.000000000000000042e-03
1.017293997965412028e+07 2.000000000000000042e-03
1.016949152542372793e+07 2.000000000000000042e-03
1.016604540833615698e+07 2.000000000000000042e-03
1.016260162601626106e+07 2.000000000000000042e-03
1.015916017609211057e+07 2.000000000000000042e-03
1.015572105619498901e+07 2.000000000000000042e-03
1.015228426395939104e+07 2.000000000000000042e-03
1.014884979702300392e+07 2.000000000000000042e-03
1.014541765302671678e+07 2.000000000000000042e-03
1.014198782961460389e+07 2.000000000000000042e-03
1.013856032443393022e+07 2.000000000000000042e-03
1.013513513513513468e+07 2.000000000000000042e-03
1.013171225937183388e+07 2.000000000000000042e-03
1.012829169480081089e+07 2.000000000000000042e-03
1.012487343908201158e+07 2.000000000000000042e-03
1.012145748987854272e+07 2.000000000000000042e-03
1.011804384485666081e+07 2.000000000000000042e-03
1.011463250168577209e+07 2.000000000000000042e-03
1.011122345803842321e+07 2.000000000000000042e-03
1.010781671159029566e+07 2.000000000000000042e-03
1.010441226002020948e+07 2.000000000000000042e-03
1.010101010101010092e+07 2.000000000000000042e-03
1.009761023224503547e+07 2.000000000000000042e-03
1.009421265141318925e+07 2.000000000000000042e-03
1.009081735620585270e+07 2.000000000000000042e-03
1.008742434431741759e+07 2.000000000000000042e-03
1.008403361344537884e+07 2.000000000000000042e-03
1.008064516129032336e+07 2.000000000000000042e-03
1.007725898555592820e+07 2.000000000000000042e-03
1.007387508394895867e+07 2.000000000000000042e-03
1.007049345417925529e+07 2.000000000000000042e-03
1.006711409395973198e+07 2.000000000000000042e-03
1.006373700100637414e+07 2.000000000000000042e-03
1.006036217303822935e+07 2.000000000000000042e-03
1.005698960777740553e+07 2.000000000000000042e-03
1.005361930294906162e+07 2.000000000000000042e-03
1.005025125628140755e+07 3.000000000000000062e-03
1.004688546550569311e+07 3.000000000000000062e-03
1.004352192835620977e+07 3.000000000000000062e-03
1.004016064257028140e+07 3.000000000000000062e-03
1.003680160588825680e+07 3.000000000000000062e-03
1.003344481605351157e+07 3.000000000000000062e-03
1.003009027081243694e+07 3.000000000000000062e-03
1.002673796791443788e+07 3.000000000000000062e-03
1.002338790511192754e+07 3.000000000000000062e-03
1.002004008016031981e+07 3.000000000000000062e-03
1.001669449081802927e+07 3.000000000000000062e-03
1.001335113484646194e+07 3.000000000000000062e-03
1.001001001001000963e+07 3.000000000000000062e-03
1.000667111407605000e+07 3.000000000000000062e-03
1.000333444481493905e+07 3.000000000000000062e-03
1.000000000000000000e+07 3.000000000000000062e-03
9.996667777407530695e+06 3.000000000000000062e-03
9.993337774816788733e+06 3.000000000000000062e-03
9.990009990009989589e+06 3.000000000000000062e-03
9.986684420772302896e+06 3.000000000000000062e-03
9.983361064891846851e+06 3.000000000000000062e-03
9.980039920159680769e+06 3.000000000000000062e-03
9.976720984369803220e+06 3.000000000000000062e-03
9.973404255319148302e+06 3.000000000000000062e-03
9.970089730807578191e+06 3.000000000000000062e-03
9.966777408637873828e+06 3.000000000000000062e-03
9.963467286615742370e+06 4.000000000000000083e-03
9.960159362549800426e+06 4.000000000000000083e-03
9.956853634251575917e+06 4.000000000000000083e-03
9.953550099535500631e+06 4.000000000000000083e-03
9.950248756218904629e+06 4.000000000000000083e-03
9.946949602122016251e+06 4.000000000000000083e-03
9.943652635067949072e+06 4.000000000000000083e-03
9.940357852882703766e+06 4.000000000000000083e-03
9.937065253395164385e+06 4.000000000000000083e-03
9.933774834437085316e+06 4.000000000000000083e-03
9.930486593843098730e+06 4.000000000000000083e-03
9.927200529450694099e+06 4.000000000000000083e-03
9.923916639100231230e+06 4.000000000000000083e-03
9.920634920634919778e+06 4.000000000000000083e-03
9.917355371900826693e+06 4.000000000000000083e-03
9.914077990746861324e+06 4.000000000000000083e-03
9.910802775024777278e+06 4.000000000000000083e-03
9.907529722589168698e+06 4.000000000000000083e-03
9.904258831297457218e+06 4.000000000000000083e-03
9.900990099009901285e+06 5.000000000000000104e-03
9.897723523589573801e+06 5.000000000000000104e-03
9.894459102902375162e+06 5.000000000000000104e-03
9.891196834817012772e+06 5.000000000000000104e-03
9.887936717205010355e+06 5.000000000000000104e-03
9.884678747940691188e+06 5.000000000000000104e-03
9.881422924901185557e+06 5.000000000000000104e-03
9.878169245966413990e+06 5.000000000000000104e-03
9.874917709019090980e+06 5.000000000000000104e-03
9.871668311944719404e+06 5.000000000000000104e-03
9.868421052631579340e+06 5.000000000000000104e-03
9.865175928970733657e+06 5.000000000000000104e-03
9.861932938856014982e+06 5.000000000000000104e-03
9.858692080184029415e+06 5.000000000000000104e-03
9.855453350854139775e+06 5.000000000000000104e-03
9.852216748768473044e+06 5.000000000000000104e-03
9.848982271831911057e+06 5.000000000000000104e-03
9.845749917952084914e+06 5.000000000000000104e-03
9.842519685039369389e+06 5.000000000000000104e-03
9.839291571006886661e+06 6.000000000000000125e-03
9.836065573770491406e+06 6.000000000000000125e-03
9.832841691248770803e+06 6.000000000000000125e-03
9.829619921363040805e+06 6.000000000000000125e-03
9.826400262037340552e+06 6.000000000000000125e-03
9.823182711198428646e+06 6.000000000000000125e-03
9.819967266775777563e+06 6.000000000000000125e-03
9.816753926701569930e+06 6.000000000000000125e-03
9.813542688910696656e+06 6.000000000000000125e-03
9.810333551340745762e+06 6.000000000000000125e-03
9.807126511932004243e+06 6.000000000000000125e-03
9.803921568627450615e+06 6.000000000000000125e-03
9.800718719372754917e+06 7.000000000000000146e-03
9.797517962116263807e+06 7.000000000000000146e-03
9.794319294809009880e+06 7.000000000000000146e-03
9.791122715404700488e+06 7.000000000000000146e-03
9.787928221859706566e+06 7.000000000000000146e-03
9.784735812133071944e+06 7.000000000000000146e-03
9.781545484186502174e+06 7.000000000000000146e-03
9.778357235984355211e+06 7.000000000000000146e-03
9.775171065493647009e+06 7.000000000000000146e-03
9.771986970684038475e+06 7.000000000000000146e-03
9.768804949527841061e+06 8.000000000000000167e-03
9.765625000000000000e+06 8.000000000000000167e-03
9.762447120078099892e+06 8.000000000000000167e-03
9.759271307742355391e+06 8.000000000000000167e-03
9.756097560975609347e+06 8.000000000000000167e-03
9.752925877763329074e+06 8.000000000000000167e-03
9.749756256093597040e+06 8.000000000000000167e-03
9.746588693957114592e+06 8.000000000000000167e-03
9.743423189347190782e+06 8.000000000000000167e-03
9.740259740259740502e+06 8.000000000000000167e-03
9.737098344693280756e+06 8.999999999999999320e-03
9.733939000648928806e+06 8.999999999999999320e-03
9.730781706130392849e+06 8.999999999999999320e-03
9.727626459143968299e+06 8.999999999999999320e-03
9.724473257698541507e+06 8.999999999999999320e-03
9.721322099805573002e+06 8.999999999999999320e-03
9.718172983479106799e+06 8.999999999999999320e-03
9.715025906735751778e+06 8.999999999999999320e-03
9.711880867594690993e+06 8.999999999999999320e-03
9.708737864077670500e+06 1.000000000000000021e-02
9.705596894208993763e+06 1.000000000000000021e-02
9.702457956015523523e+06 1.000000000000000021e-02
9.699321047526672482e+06 1.000000000000000021e-02
9.696186166774401441e+06 1.000000000000000021e-02
9.693053311793215573e+06 1.099999999999999936e-02
9.689922480620155111e+06 1.099999999999999936e-02
9.686793671294800937e+06 1.099999999999999936e-02
9.683666881859263405e+06 1.099999999999999936e-02
9.680542110358180478e+06 1.099999999999999936e-02
9.677419354838710278e+06 1.099999999999999936e-02
9.674298613350532949e+06 1.200000000000000025e-02
9.671179883945841342e+06 1.200000000000000025e-02
9.668063164679342881e+06 1.200000000000000025e-02
9.664948453608246520e+06 1.200000000000000025e-02
9.661835748792270198e+06 1.200000000000000025e-02
9.658725048293625936e+06 1.200000000000000025e-02
9.655616350177019835e+06 1.299999999999999940e-02
9.652509652509652078e+06 1.299999999999999940e-02
9.649404953361209482e+06 1.299999999999999940e-02
9.646302250803858042e+06 1.299999999999999940e-02
9.643201542912246659e+06 1.299999999999999940e-02
9.640102827763495967e+06 1.299999999999999940e-02
9.637006103437198326e+06 1.400000000000000029e-02
9.633911368015414104e+06 1.400000000000000029e-02
9.630818619582664222e+06 1.400000000000000029e-02
9.627727856225930154e+06 1.400000000000000029e-02
9.624639076034648344e+06 1.400000000000000029e-02
9.621552277100706473e+06 1.400000000000000029e-02
9.618467457518436015e+06 1.400000000000000029e-02
9.615384615384615958e+06 1.499999999999999944e-02
9.612303748798461631e+06 1.499999999999999944e-02
9.609224855861626565e+06 1.499999999999999944e-02
9.606147934678193182e+06 1.499999999999999944e-02
9.603072983354672790e+06 1.499999999999999944e-02
9.600000000000000000e+06 1.600000000000000033e-02
9.596928982725527138e+06 1.600000000000000033e-02
9.593859929645027965e+06 1.600000000000000033e-02
9.590792838874680921e+06 1.600000000000000033e-02
9.587727708533078432e+06 1.600000000000000033e-02
9.584664536741213873e+06 1.600000000000000033e-02
9.581603321622485295e+06 1.700000000000000122e-02
9.578544061302682385e+06 1.700000000000000122e-02
9.575486753909990191e+06 1.700000000000000122e-02
9.572431397574983537e+06 1.700000000000000122e-02
9.569377990430621430e+06 1.700000000000000122e-02
9.566326530612245202e+06 1.799999999999999864e-02
9.563277016257571056e+06 1.799999999999999864e-02
9.560229445506691933e+06 1.799999999999999864e-02
9.557183816502070054e+06 1.899999999999999953e-02
9.554140127388535067e+06 1.899999999999999953e-02
9.551098376313276589e+06 1.899999999999999953e-02
9.548058561425844207e+06 2.000000000000000042e-02
9.545020680878141895e+06 2.000000000000000042e-02
9.541984732824428007e+06 2.000000000000000042e-02
9.538950715421304107e+06 2.000000000000000042e-02
9.535918626827716827e+06 2.100000000000000130e-02
9.532888465204957873e+06 2.100000000000000130e-02
9.529860228716645390e+06 2.100000000000000130e-02
9.526833915528738871e+06 2.199999999999999872e-02
9.523809523809524253e+06 2.199999999999999872e-02
9.520787051729610190e+06 2.199999999999999872e-02
9.517766497461928055e+06 2.299999999999999961e-02
9.514747859181731939e+06 2.299999999999999961e-02
9.511731135066581890e+06 2.299999999999999961e-02
9.508716323296355084e+06 2.400000000000000050e-02
9.505703422053232789e+06 2.400000000000000050e-02
9.502692429521698505e+06 2.400000000000000050e-02
9.499683343888537958e+06 2.500000000000000139e-02
9.496676163342829794e+06 2.500000000000000139e-02
9.493670886075949296e+06 2.500000000000000139e-02
9.490667510281557217e+06 2.599999999999999881e-02
9.487666034155597910e+06 2.599999999999999881e-02
9.484666455896301195e+06 2.599999999999999881e-02
9.481668773704171181e+06 2.699999999999999969e-02
9.478672985781989992e+06 2.699999999999999969e-02
9.475679090334806591e+06 2.699999999999999969e-02
9.472687085569940507e+06 2.800000000000000058e-02
9.469696969696968794e+06 2.800000000000000058e-02
9.466708740927737206e+06 2.900000000000000147e-02
9.463722397476341575e+06 2.900000000000000147e-02
9.460737937559129670e+06 2.999999999999999889e-02
9.457755359394703060e+06 2.999999999999999889e-02
9.454774661203907803e+06 2.999999999999999889e-02
9.451795841209830716e+06 3.099999999999999978e-02
9.448818897637795657e+06 3.099999999999999978e-02
9.445843828715365380e+06 3.200000000000000067e-02
9.442870632672332227e+06 3.200000000000000067e-02
9.439899307740718126e+06 3.300000000000000155e-02
9.436929852154765278e+06 3.300000000000000155e-02
9.433962264150943607e+06 3.300000000000000155e-02
9.430996541967933998e+06 3.400000000000000244e-02
9.428032683846637607e+06 3.400000000000000244e-02
9.425070688030160964e+06 3.500000000000000333e-02
9.422110552763819695e+06 3.599999999999999728e-02
9.419152276295132935e+06 3.599999999999999728e-02
9.416195856873823330e+06 3.699999999999999817e-02
9.413241292751803994e+06 3.699999999999999817e-02
9.410288582183187827e+06 3.799999999999999906e-02
9.407337723424270749e+06 3.899999999999999994e-02
9.404388714733542874e+06 3.899999999999999994e-02
9.401441554371669888e+06 4.000000000000000083e-02
9.398496240601504222e+06 4.000000000000000083e-02
9.395552771688068286e+06 4.100000000000000172e-02
9.392611145898560062e+06 4.200000000000000261e-02
9.389671361502347514e+06 4.200000000000000261e-02
9.386733416770962998e+06 4.299999999999999656e-02
9.383797309978105128e+06 4.299999999999999656e-02
9.380863039399623871e+06 4.399999999999999745e-02
9.377930603313535452e+06 4.399999999999999745e-02
9.375000000000000000e+06 4.499999999999999833e-02
9.372071227741330862e+06 4.599999999999999922e-02
9.369144284821987152e+06 4.599999999999999922e-02
9.366219169528566301e+06 4.700000000000000011e-02
9.363295880149813369e+06 4.700000000000000011e-02
9.360374414976598695e+06 4.800000000000000100e-02
9.357454772301934659e+06 4.800000000000000100e-02
9.354536950420953333e+06 4.900000000000000189e-02
9.351620947630923241e+06 4.900000000000000189e-02
9.348706762231225148e+06 5.000000000000000278e-02
9.345794392523365095e+06 5.000000000000000278e-02
9.342883836810963228e+06 5.099999999999999672e-02
9.339975093399750069e+06 5.199999999999999761e-02
9.337068160597572103e+06 5.199999999999999761e-02
9.334163036714375019e+06 5.299999999999999850e-02
9.331259720062209293e+06 5.399999999999999939e-02
9.328358208955224603e+06 5.500000000000000028e-02
9.325458501709667966e+06 5.500000000000000028e-02
9.322560596643878147e+06 5.600000000000000117e-02
9.319664492078285664e+06 5.700000000000000205e-02
9.316770186335403472e+06 5.800000000000000294e-02
9.313877677739832550e+06 5.899999999999999689e-02
9.310986964618248865e+06 5.899999999999999689e-02
9.308098045299410820e+06 5.999999999999999778e-02
9.305210918114144355e+06 6.099999999999999867e-02
9.302325581395348534e+06 6.199999999999999956e-02
9.299442033477991819e+06 6.199999999999999956e-02
9.296560272699100897e+06 6.300000000000000044e-02
9.293680297397769988e+06 6.400000000000000133e-02
9.290802105915144086e+06 6.500000000000000222e-02
9.287925696594426408e+06 6.700000000000000400e-02
9.285051067780872807e+06 6.800000000000000488e-02
9.282178217821782455e+06 6.900000000000000577e-02
9.279307145066501573e+06 7.000000000000000666e-02
9.276437847866419703e+06 7.099999999999999367e-02
9.273570324574962258e+06 7.199999999999999456e-02
9.270704573547590524e+06 7.299999999999999545e-02
9.267840593141797930e+06 7.399999999999999634e-02
9.264978381717110053e+06 7.499999999999999722e-02
9.262117937635073438e+06 7.599999999999999811e-02
9.259259259259259328e+06 7.699999999999999900e-02
9.256402344955259934e+06 7.799999999999999989e-02
9.253547193090684712e+06 7.900000000000000078e-02
9.250693802035152912e+06 8.100000000000000255e-02
9.247842170160295442e+06 8.200000000000000344e-02
9.244992295839753002e+06 8.300000000000000433e-02
9.242144177449168637e+06 8.500000000000000611e-02
9.239297813366184011e+06 8.599999999999999312e-02
9.236453201970443130e+06 8.699999999999999400e-02
9.233610341643583030e+06 8.799999999999999489e-02
9.230769230769230053e+06 8.999999999999999667e-02
9.227929867733005434e+06 9.099999999999999756e-02
9.225092250922508538e+06 9.199999999999999845e-02
9.222256378727328032e+06 9.299999999999999933e-02
9.219422249539028853e+06 9.500000000000000111e-02
9.216589861751152202e+06 9.600000000000000200e-02
9.213759213759213686e+06 9.700000000000000289e-02
9.210930303960699588e+06 9.800000000000000377e-02
9.208103130755065009e+06 1.000000000000000056e-01
9.205277692543724552e+06 1.019999999999999934e-01
9.202453987730061635e+06 1.039999999999999952e-01
9.199632014719411731e+06 1.049999999999999961e-01
9.196811771919067949e+06 1.069999999999999979e-01
9.193993257738277316e+06 1.089999999999999997e-01
9.191176470588235185e+06 1.110000000000000014e-01
9.188361408882083371e+06 1.130000000000000032e-01
9.185548071034904569e+06 1.140000000000000041e-01
9.182736455463727936e+06 1.160000000000000059e-01
9.179926560587516055e+06 1.179999999999999938e-01
9.177118384827164933e+06 1.199999999999999956e-01
9.174311926605504006e+06 1.219999999999999973e-01
9.171507184347294271e+06 1.229999999999999982e-01
9.168704156479217112e+06 1.250000000000000000e-01
9.165902841429881752e+06 1.270000000000000018e-01
9.163103237629810348e+06 1.290000000000000036e-01
9.160305343511451036e+06 1.300000000000000044e-01
9.157509157509157434e+06 1.320000000000000062e-01
9.154714678059199825e+06 1.340000000000000080e-01
9.151921903599755839e+06 1.360000000000000098e-01
9.149130832570904866e+06 1.370000000000000107e-01
9.146341463414633647e+06 1.390000000000000124e-01
9.143553794574825093e+06 1.409999999999999865e-01
9.140767824497258291e+06 1.419999999999999873e-01
9.137983551629606634e+06 1.439999999999999891e-01
9.135200974421437830e+06 1.459999999999999909e-01
9.132420091324200854e+06 1.479999999999999927e-01
9.129640900791235268e+06 1.489999999999999936e-01
9.126863401277760044e+06 1.509999999999999953e-01
9.124087591240875423e+06 1.529999999999999971e-01
9.121313469139555469e+06 1.549999999999999989e-01
9.118541033434649929e+06 1.570000000000000007e-01
9.115770282588878646e+06 1.600000000000000033e-01
9.113001215066827834e+06 1.620000000000000051e-01
9.110233829334953800e+06 1.640000000000000069e-01
9.107468123861566186e+06 1.660000000000000087e-01
9.104704097116842866e+06 1.680000000000000104e-01
9.101941747572815046e+06 1.700000000000000122e-01
9.099181073703367263e+06 1.719999999999999862e-01
9.096422073984233662e+06 1.749999999999999889e-01
9.093664746892997995e+06 1.769999999999999907e-01
9.090909090909091756e+06 1.789999999999999925e-01
9.088155104513783008e+06 1.809999999999999942e-01
9.085402786190187559e+06 1.829999999999999960e-01
9.082652134423252195e+06 1.859999999999999987e-01
9.079903147699758410e+06 1.890000000000000013e-01
9.077155824508320540e+06 1.920000000000000040e-01
9.074410163339382038e+06 1.950000000000000067e-01
9.071666162685213611e+06 1.970000000000000084e-01
9.068923821039903909e+06 2.000000000000000111e-01
9.066183136899365112e+06 2.030000000000000138e-01
9.063444108761329204e+06 2.059999999999999887e-01
9.060706735125340521e+06 2.089999999999999913e-01
9.057971014492753893e+06 2.119999999999999940e-01
9.055236945366736501e+06 2.149999999999999967e-01
9.052504526252262294e+06 2.179999999999999993e-01
9.049773755656108260e+06 2.210000000000000020e-01
9.047044632086850703e+06 2.240000000000000047e-01
9.044317154054868966e+06 2.270000000000000073e-01
9.041591320072332397e+06 2.300000000000000100e-01
9.038867128653209656e+06 2.330000000000000127e-01
9.036144578313253820e+06 2.349999999999999867e-01
9.033423667570009828e+06 2.379999999999999893e-01
9.030704394942805171e+06 2.409999999999999920e-01
9.027986758952753618e+06 2.439999999999999947e-01
9.025270758122744039e+06 2.459999999999999964e-01
9.022556390977444127e+06 2.489999999999999991e-01
9.019843656043294817e+06 2.520000000000000018e-01
9.017132551848512143e+06 2.550000000000000044e-01
9.014423076923076063e+06 2.570000000000000062e-01
9.011715229798737913e+06 2.600000000000000089e-01
9.009009009009009227e+06 2.630000000000000115e-01
9.006304413089161739e+06 2.660000000000000142e-01
9.003601440576231107e+06 2.690000000000000169e-01
9.000900090009000152e+06 2.710000000000000187e-01
8.998200359928013757e+06 2.740000000000000213e-01
8.995502248875562102e+06 2.760000000000000231e-01
8.992805755395682529e+06 2.780000000000000249e-01
8.990110878034163266e+06 2.810000000000000275e-01
8.987417615338526666e+06 2.829999999999999738e-01
8.984725965858042240e+06 2.849999999999999756e-01
8.982035928143711761e+06 2.879999999999999782e-01
8.979347500748278573e+06 2.899999999999999800e-01
8.976660682226212695e+06 2.919999999999999818e-01
8.973975471133712679e+06 2.939999999999999836e-01
8.971291866028707474e+06 2.969999999999999862e-01
8.968609865470852703e+06 2.989999999999999880e-01
8.965929468021517619e+06 3.009999999999999898e-01
8.963250672243800014e+06 3.039999999999999925e-01
8.960573476702509448e+06 3.059999999999999942e-01
8.957897879964169115e+06 3.079999999999999960e-01
8.955223880597015843e+06 3.099999999999999978e-01
8.952551477170994505e+06 3.119999999999999996e-01
8.949880668257756159e+06 3.140000000000000013e-01
8.947211452430659905e+06 3.160000000000000031e-01
8.944543828264757991e+06 3.180000000000000049e-01
8.941877794336810708e+06 3.200000000000000067e-01
8.939213349225267768e+06 3.220000000000000084e-01
8.936550491510277614e+06 3.240000000000000102e-01
8.933889219773674384e+06 3.260000000000000120e-01
8.931229532598987222e+06 3.280000000000000138e-01
8.928571428571429104e+06 3.300000000000000155e-01
8.925914906277893111e+06 3.320000000000000173e-01
8.923259964306959882e+06 3.340000000000000191e-01
8.920606601248884574e+06 3.360000000000000209e-01
8.917954815695600584e+06 3.380000000000000226e-01
8.915304606240713969e+06 3.410000000000000253e-01
8.912655971479501575e+06 3.430000000000000271e-01
8.910008910008909181e+06 3.449999999999999734e-01
8.907363420427553356e+06 3.479999999999999760e-01
8.904719501335708424e+06 3.499999999999999778e-01
8.902077151335312054e+06 3.519999999999999796e-01
8.899436369029961526e+06 3.549999999999999822e-01
8.896797153024911880e+06 3.569999999999999840e-01
8.894159501927068457e+06 3.589999999999999858e-01
8.891523414344990626e+06 3.619999999999999885e-01
8.888888888888888061e+06 3.639999999999999902e-01
8.886255924170617014e+06 3.659999999999999920e-01
8.883624518803671002e+06 3.689999999999999947e-01
8.880994671403197572e+06 3.709999999999999964e-01
8.878366380585972220e+06 3.729999999999999982e-01
8.875739644970413297e+06 3.750000000000000000e-01
8.873114463176574558e+06 3.770000000000000018e-01
8.870490833826137707e+06 3.790000000000000036e-01
8.867868755542417988e+06 3.810000000000000053e-01
8.865248226950354874e+06 3.830000000000000071e-01
8.862629246676513925e+06 3.840000000000000080e-01
8.860011813349084929e+06 3.860000000000000098e-01
8.857395925597874448e+06 3.880000000000000115e-01
8.854781582054309547e+06 3.900000000000000133e-01
8.852168781351430342e+06 3.920000000000000151e-01
8.849557522123893723e+06 3.940000000000000169e-01
8.846947803007962182e+06 3.960000000000000187e-01
8.844339622641509399e+06 3.970000000000000195e-01
8.841732979664014652e+06 3.990000000000000213e-01
8.839127872716559097e+06 4.010000000000000231e-01
8.836524300441825762e+06 4.020000000000000240e-01
8.833922261484099552e+06 4.030000000000000249e-01
8.831321754489256069e+06 4.040000000000000258e-01
8.828722778104767203e+06 4.060000000000000275e-01
8.826125330979699269e+06 4.069999999999999729e-01
8.823529411764705554e+06 4.079999999999999738e-01
8.820935019112026319e+06 4.089999999999999747e-01
8.818342151675485075e+06 4.099999999999999756e-01
8.815750808110490441e+06 4.109999999999999765e-01
8.813160987074030563e+06 4.119999999999999774e-01
8.810572687224669382e+06 4.129999999999999782e-01
8.807985907222548500e+06 4.149999999999999800e-01
8.805400645729381591e+06 4.159999999999999809e-01
8.802816901408450678e+06 4.169999999999999818e-01
8.800234672924611717e+06 4.179999999999999827e-01
8.797653958944281563e+06 4.189999999999999836e-01
8.795074758135443553e+06 4.199999999999999845e-01
8.792497069167643785e+06 4.209999999999999853e-01
8.789920890711983666e+06 4.219999999999999862e-01
8.787346221441125497e+06 4.229999999999999871e-01
8.784773060029283166e+06 4.239999999999999880e-01
8.782201405152224004e+06 4.249999999999999889e-01
8.779631255487268791e+06 4.259999999999999898e-01
8.777062609713282436e+06 4.269999999999999907e-01
8.774495466510675848e+06 4.279999999999999916e-01
8.771929824561404064e+06 4.289999999999999925e-01
8.769365682548962533e+06 4.299999999999999933e-01
8.766803039158387110e+06 4.309999999999999942e-01
8.764241893076248467e+06 4.319999999999999951e-01
8.761682242990653962e+06 4.329999999999999960e-01
8.759124087591240183e+06 4.339999999999999969e-01
8.756567425569176674e+06 4.339999999999999969e-01
8.754012255617158487e+06 4.349999999999999978e-01
8.751458576429404318e+06 4.349999999999999978e-01
8.748906386701662093e+06 4.349999999999999978e-01
8.746355685131195933e+06 4.359999999999999987e-01
8.743806470416788012e+06 4.359999999999999987e-01
8.741258741258740425e+06 4.359999999999999987e-01
8.738712496358869597e+06 4.369999999999999996e-01
8.736167734420500696e+06 4.369999999999999996e-01
8.733624454148471355e+06 4.369999999999999996e-01
8.731082654249126092e+06 4.380000000000000004e-01
8.728542333430316299e+06 4.380000000000000004e-01
8.726003490401396528e+06 4.380000000000000004e-01
8.723466123873218894e+06 4.390000000000000013e-01
8.720930232558138669e+06 4.390000000000000013e-01
8.718395815170008689e+06 4.400000000000000022e-01
8.715862870424171910e+06 4.400000000000000022e-01
8.713331397037466988e+06 4.410000000000000031e-01
8.710801393728222698e+06 4.410000000000000031e-01
8.708272859216256067e+06 4.420000000000000040e-01
8.705745792222866789e+06 4.420000000000000040e-01
8.703220191470844671e+06 4.430000000000000049e-01
8.700696055684454739e+06 4.430000000000000049e-01
8.698173383589446545e+06 4.440000000000000058e-01
8.695652173913042992e+06 4.440000000000000058e-01
8.693132425383945927e+06 4.450000000000000067e-01
8.690614136732328683e+06 4.450000000000000067e-01
8.688097306689834222e+06 4.460000000000000075e-01
8.685581933989576995e+06 4.470000000000000084e-01
8.683068017366135493e+06 4.470000000000000084e-01
8.680555555555555969e+06 4.470000000000000084e-01
8.678044547295343131e+06 4.470000000000000084e-01
8.675534991324465722e+06 4.470000000000000084e-01
8.673026886383347213e+06 4.470000000000000084e-01
8.670520231213873252e+06 4.470000000000000084e-01
8.668015024559376761e+06 4.470000000000000084e-01
8.665511265164645389e+06 4.470000000000000084e-01
8.663008951775915921e+06 4.470000000000000084e-01
8.660508083140878007e+06 4.470000000000000084e-01
8.658008658008657396e+06 4.470000000000000084e-01
8.655510675129832700e+06 4.470000000000000084e-01
8.653014133256416768e+06 4.470000000000000084e-01
8.650519031141867861e+06 4.470000000000000084e-01
8.648025367541078478e+06 4.470000000000000084e-01
8.645533141210375354e+06 4.470000000000000084e-01
8.643042350907519460e+06 4.470000000000000084e-01
8.640552995391704142e+06 4.470000000000000084e-01
8.638065073423553258e+06 4.470000000000000084e-01
8.635578583765111864e+06 4.470000000000000084e-01
8.633093525179855525e+06 4.460000000000000075e-01
8.630609896432681009e+06 4.460000000000000075e-01
8.628127696289904416e+06 4.460000000000000075e-01
8.625646923519263044e+06 4.460000000000000075e-01
8.623167576889911667e+06 4.460000000000000075e-01
8.620689655172413215e+06 4.450000000000000067e-01
8.618213157138753682e+06 4.450000000000000067e-01
8.615738081562319770e+06 4.450000000000000067e-01
8.613264427217915654e+06 4.450000000000000067e-01
8.610792192881744355e+06 4.440000000000000058e-01
8.608321377331420779e+06 4.440000000000000058e-01
8.605851979345954955e+06 4.450000000000000067e-01
8.603383997705765069e+06 4.460000000000000075e-01
8.600917431192660704e+06 4.460000000000000075e-01
8.598452278589854017e+06 4.470000000000000084e-01
8.595988538681948557e+06 4.480000000000000093e-01
8.593526210254941136e+06 4.480000000000000093e-01
8.591065292096219957e+06 4.490000000000000102e-01
8.588605782994560897e+06 4.500000000000000111e-01
8.586147681740125641e+06 4.500000000000000111e-01
8.583690987124463543e+06 4.510000000000000120e-01
8.581235697940504178e+06 4.520000000000000129e-01
8.578781812982557341e+06 4.520000000000000129e-01
8.576329331046313047e+06 4.530000000000000138e-01
8.573878250928835943e+06 4.540000000000000147e-01
8.571428571428570896e+06 4.540000000000000147e-01
8.568980291345329955e+06 4.550000000000000155e-01
8.566533409480296075e+06 4.550000000000000155e-01
8.564087924636026844e+06 4.550000000000000155e-01
8.561643835616437718e+06 4.550000000000000155e-01
8.559201141226818785e+06 4.550000000000000155e-01
8.556759840273816139e+06 4.550000000000000155e-01
8.554319931565441191e+06 4.550000000000000155e-01
8.551881413911061361e+06 4.550000000000000155e-01
8.549444286121401936e+06 4.550000000000000155e-01
8.547008547008547932e+06 4.550000000000000155e-01
8.544574195385929197e+06 4.550000000000000155e-01
8.542141230068337172e+06 4.550000000000000155e-01
8.539709649871904403e+06 4.550000000000000155e-01
8.537279453614115715e+06 4.540000000000000147e-01
8.534850640113798901e+06 4.540000000000000147e-01
8.532423208191126585e+06 4.540000000000000147e-01
8.529997156667614356e+06 4.540000000000000147e-01
8.527572484366117045e+06 4.540000000000000147e-01
8.525149190110826865e+06 4.540000000000000147e-01
8.522727272727273405e+06 4.540000000000000147e-01
8.520306731042318046e+06 4.530000000000000138e-01
8.517887563884155825e+06 4.530000000000000138e-01
8.515469770082315430e+06 4.530000000000000138e-01
8.513053348467649892e+06 4.530000000000000138e-01
8.510638297872340307e+06 4.520000000000000129e-01
8.508224617129892111e+06 4.520000000000000129e-01
8.505812305075135082e+06 4.520000000000000129e-01
8.503401360544217750e+06 4.520000000000000129e-01
8.500991782374611124e+06 4.520000000000000129e-01
8.498583569405099377e+06 4.510000000000000120e-01
8.496176720475785434e+06 4.510000000000000120e-01
8.493771234428085387e+06 4.510000000000000120e-01
8.491367110104726627e+06 4.520000000000000129e-01
8.488964346349745989e+06 4.520000000000000129e-01
8.486562942008486018e+06 4.520000000000000129e-01
8.484162895927602425e+06 4.520000000000000129e-01
8.481764206955047324e+06 4.520000000000000129e-01
8.479366873940078542e+06 4.520000000000000129e-01
8.476970895733257756e+06 4.530000000000000138e-01
8.474576271186441183e+06 4.530000000000000138e-01
8.472182999152781442e+06 4.530000000000000138e-01
8.469791078486731276e+06 4.530000000000000138e-01
8.467400508044030517e+06 4.530000000000000138e-01
8.465011286681715399e+06 4.530000000000000138e-01
8.462623413258109242e+06 4.540000000000000147e-01
8.460236886632826179e+06 4.540000000000000147e-01
8.457851705666759983e+06 4.540000000000000147e-01
8.455467869222097099e+06 4.540000000000000147e-01
8.453085376162299886e+06 4.540000000000000147e-01
8.450704225352112204e+06 4.540000000000000147e-01
8.448324415657561272e+06 4.550000000000000155e-01
8.445945945945946500e+06 4.550000000000000155e-01
8.443568815085843205e+06 4.550000000000000155e-01
8.441193021947102621e+06 4.550000000000000155e-01
8.438818565400844440e+06 4.550000000000000155e-01
8.436445444319460541e+06 4.550000000000000155e-01
8.434073657576609403e+06 4.560000000000000164e-01
8.431703204047217965e+06 4.560000000000000164e-01
8.429334082607474178e+06 4.560000000000000164e-01
8.426966292134830728e+06 4.560000000000000164e-01
8.424599831508003175e+06 4.560000000000000164e-01
8.422234699606962502e+06 4.560000000000000164e-01
8.419870895312938839e+06 4.550000000000000155e-01
8.417508417508417740e+06 4.540000000000000147e-01
8.415147265077138320e+06 4.540000000000000147e-01
8.412787436904095113e+06 4.530000000000000138e-01
8.410428931875525042e+06 4.520000000000000129e-01
8.408071748878924176e+06 4.520000000000000129e-01
8.405715886803025380e+06 4.510000000000000120e-01
8.403361344537815079e+06 4.500000000000000111e-01
8.401008120974516496e+06 4.500000000000000111e-01
8.398656215005598962e+06 4.490000000000000102e-01
8.396305625524768606e+06 4.480000000000000093e-01
8.393956351426972076e+06 4.480000000000000093e-01
8.391608391608390957e+06 4.470000000000000084e-01
8.389261744966443628e+06 4.460000000000000075e-01
8.386916410399775952e+06 4.450000000000000067e-01
8.384572386808272451e+06 4.430000000000000049e-01
8.382229673093042336e+06 4.410000000000000031e-01
8.379888268156424165e+06 4.390000000000000013e-01
8.377548170901983045e+06 4.359999999999999987e-01
8.375209380234505981e+06 4.339999999999999969e-01
8.372871895060005598e+06 4.319999999999999951e-01
8.370535714285714552e+06 4.299999999999999933e-01
8.368200836820083670e+06 4.279999999999999916e-01
8.365867261572782882e+06 4.259999999999999898e-01
8.363534987454697490e+06 4.239999999999999880e-01
8.361204013377926312e+06 4.219999999999999862e-01
8.358874338255781680e+06 4.199999999999999845e-01
8.356545961002785712e+06 4.179999999999999827e-01
8.354218880534670316e+06 4.169999999999999818e-01
8.351893095768374391e+06 4.149999999999999800e-01
8.349568605622042902e+06 4.119999999999999774e-01
8.347245409015025012e+06 4.099999999999999756e-01
8.344923504867872223e+06 4.079999999999999738e-01
8.342602892102335580e+06 4.060000000000000275e-01
8.340283569641367532e+06 4.040000000000000258e-01
8.337965536409116350e+06 4.020000000000000240e-01
8.335648791330925189e+06 4.000000000000000222e-01
8.333333333333333023e+06 3.990000000000000213e-01
8.331019161344070919e+06 3.970000000000000195e-01
8.328706274292060174e+06 3.950000000000000178e-01
8.326394671107410453e+06 3.930000000000000160e-01
8.324084350721420720e+06 3.910000000000000142e-01
8.321775312066574581e+06 3.890000000000000124e-01
8.319467554076539353e+06 3.870000000000000107e-01
8.317161075686166063e+06 3.850000000000000089e-01
8.314855875831485726e+06 3.820000000000000062e-01
8.312551953449709341e+06 3.790000000000000036e-01
8.310249307479224168e+06 3.760000000000000009e-01
8.307947936859595589e+06 3.729999999999999982e-01
8.305647840531561524e+06 3.709999999999999964e-01
8.303349017437033355e+06 3.679999999999999938e-01
8.301051466519092210e+06 3.649999999999999911e-01
8.298755186721991748e+06 3.619999999999999885e-01
8.296460176991150714e+06 3.589999999999999858e-01
8.294166436273154803e+06 3.569999999999999840e-01
8.291873963515754789e+06 3.539999999999999813e-01
8.289582757667863742e+06 3.509999999999999787e-01
8.287292817679557949e+06 3.489999999999999769e-01
8.285004142502071336e+06 3.459999999999999742e-01
8.282716731087796390e+06 3.430000000000000271e-01
8.280430582390284166e+06 3.400000000000000244e-01
8.278145695364238694e+06 3.370000000000000218e-01
8.275862068965516984e+06 3.350000000000000200e-01
8.273579702151130885e+06 3.320000000000000173e-01
8.271298593879238702e+06 3.290000000000000147e-01
8.269018743109150790e+06 3.260000000000000120e-01
8.266740148801323026e+06 3.240000000000000102e-01
8.264462809917354956e+06 3.210000000000000075e-01
8.262186725419994444e+06 3.180000000000000049e-01
8.259911894273127429e+06 3.150000000000000022e-01
8.257638315441783518e+06 3.130000000000000004e-01
8.255365987892129458e+06 3.099999999999999978e-01
8.253094910591471940e+06 3.069999999999999951e-01
8.250825082508251071e+06 3.039999999999999925e-01
8.248556502612043172e+06 3.019999999999999907e-01
8.246289169873557054e+06 2.989999999999999880e-01
8.244023083264633082e+06 2.959999999999999853e-01
8.241758241758241318e+06 2.929999999999999827e-01
8.239494644328481518e+06 2.899999999999999800e-01
8.237232289950576611e+06 2.869999999999999774e-01
8.234971177600878291e+06 2.839999999999999747e-01
8.232711306256860495e+06 2.819999999999999729e-01
8.230452674897119403e+06 2.790000000000000258e-01
8.228195282501371577e+06 2.760000000000000231e-01
8.225939128050452098e+06 2.730000000000000204e-01
8.223684210526315495e+06 2.700000000000000178e-01
8.221430528912031092e+06 2.670000000000000151e-01
8.219178082191781141e+06 2.640000000000000124e-01
8.216926869350862689e+06 2.620000000000000107e-01
8.214676889375684783e+06 2.590000000000000080e-01
8.212428141253763810e+06 2.560000000000000053e-01
8.210180623973727226e+06 2.520000000000000018e-01
8.207934336525307968e+06 2.489999999999999991e-01
8.205689277899343520e+06 2.459999999999999964e-01
8.203445447087776847e+06 2.429999999999999938e-01
8.201202843083652668e+06 2.399999999999999911e-01
8.198961464881114662e+06 2.359999999999999876e-01
8.196721311475410126e+06 2.330000000000000127e-01
8.194482381862878799e+06 2.300000000000000100e-01
8.192244675040961243e+06 2.270000000000000073e-01
8.190008190008190461e+06 2.240000000000000047e-01
8.187772925764191896e+06 2.210000000000000020e-01
8.185538881309686229e+06 2.179999999999999993e-01
8.183306055646480992e+06 2.139999999999999958e-01
8.181074447777475230e+06 2.109999999999999931e-01
8.178844056706652045e+06 2.079999999999999905e-01
8.176614881439084187e+06 2.059999999999999887e-01
8.174386920980926603e+06 2.030000000000000138e-01
8.172160174339417368e+06 2.000000000000000111e-01
8.169934640522875823e+06 1.980000000000000093e-01
8.167710318540702574e+06 1.950000000000000067e-01
8.165487207403374836e+06 1.920000000000000040e-01
8.163265306122449227e+06 1.900000000000000022e-01
8.161044613710555248e+06 1.869999999999999996e-01
8.158825129181398079e+06 1.849999999999999978e-01
8.156606851549754851e+06 1.819999999999999951e-01
8.154389779831475578e+06 1.789999999999999925e-01
8.152173913043478504e+06 1.769999999999999907e-01
8.149959250203749165e+06 1.739999999999999880e-01
8.147745790331341326e+06 1.710000000000000131e-01
8.145533532446375117e+06 1.690000000000000113e-01
8.143322475570032373e+06 1.660000000000000087e-01
8.141112618724559434e+06 1.640000000000000069e-01
8.138903960933260620e+06 1.610000000000000042e-01
8.136696501220504753e+06 1.590000000000000024e-01
8.134490238611713983e+06 1.570000000000000007e-01
8.132285172133369371e+06 1.539999999999999980e-01
8.130081300813008100e+06 1.519999999999999962e-01
8.127878623679219745e+06 1.499999999999999944e-01
8.125677139761647210e+06 1.469999999999999918e-01
8.123476848090982996e+06 1.449999999999999900e-01
8.121277747698971070e+06 1.429999999999999882e-01
8.119079837618403137e+06 1.400000000000000133e-01
8.116883116883116774e+06 1.380000000000000115e-01
8.114687584527995437e+06 1.360000000000000098e-01
8.112493239588966593e+06 1.330000000000000071e-01
8.110300081103000790e+06 1.310000000000000053e-01
8.108108108108107932e+06 1.290000000000000036e-01
8.105917319643340074e+06 1.270000000000000018e-01
8.103727714748784900e+06 1.260000000000000009e-01
8.101539292465568520e+06 1.239999999999999991e-01
8.099352051835852675e+06 1.219999999999999973e-01
8.097165991902833804e+06 1.199999999999999956e-01
8.094981111710739322e+06 1.179999999999999938e-01
8.092797410304828547e+06 1.160000000000000059e-01
8.090614886731391773e+06 1.140000000000000041e-01
8.088433540037745610e+06 1.120000000000000023e-01
8.086253369272237644e+06 1.100000000000000006e-01
8.084074373484236188e+06 1.079999999999999988e-01
8.081896551724137738e+06 1.069999999999999979e-01
8.079719903043361381e+06 1.049999999999999961e-01
8.077544426494346000e+06 1.029999999999999943e-01
8.075370121130552143e+06 1.019999999999999934e-01
8.073196986006458290e+06 1.000000000000000056e-01
8.071025020177562721e+06 9.900000000000000466e-02
8.068854222700376995e+06 9.700000000000000289e-02
8.066684592632427812e+06 9.600000000000000200e-02
8.064516129032257944e+06 9.400000000000000022e-02
8.062348830959419720e+06 9.299999999999999933e-02
8.060182697474475950e+06 9.099999999999999756e-02
8.058017727639000863e+06 8.999999999999999667e-02
8.055853920515574515e+06 8.799999999999999489e-02
8.053691275167785585e+06 8.699999999999999400e-02
8.051529790660225786e+06 8.500000000000000611e-02
8.049369466058491729e+06 8.400000000000000522e-02
8.047210300429184921e+06 8.300000000000000433e-02
8.045052292839903384e+06 8.100000000000000255e-02
8.042895442359249108e+06 8.000000000000000167e-02
8.040739748056821525e+06 7.900000000000000078e-02
8.038585209003215656e+06 7.799999999999999989e-02
8.036431824270023964e+06 7.699999999999999900e-02
8.034279592929833569e+06 7.599999999999999811e-02
8.032128514056225307e+06 7.399999999999999634e-02
8.029978586723769084e+06 7.299999999999999545e-02
8.027829810008027591e+06 7.199999999999999456e-02
8.025682182985553518e+06 7.099999999999999367e-02
8.023535704733885825e+06 7.000000000000000666e-02
8.021390374331550673e+06 6.900000000000000577e-02
8.019246190858059563e+06 6.800000000000000488e-02
8.017103153393906541e+06 6.700000000000000400e-02
8.014961261020571925e+06 6.500000000000000222e-02
8.012820512820512988e+06 6.400000000000000133e-02
8.010680907877169549e+06 6.400000000000000133e-02
8.008542445274960250e+06 6.300000000000000044e-02
8.006405124099279754e+06 6.199999999999999956e-02
8.004268943436499685e+06 6.099999999999999867e-02
8.002133902373966761e+06 5.999999999999999778e-02
8.000000000000000000e+06 5.899999999999999689e-02
7.997867235403892584e+06 5.800000000000000294e-02
7.995735607675906271e+06 5.700000000000000205e-02
7.993605115907274187e+06 5.700000000000000205e-02
7.991475759190197103e+06 5.600000000000000117e-02
7.989347536617842503e+06 5.500000000000000028e-02
7.987220447284344584e+06 5.399999999999999939e-02
7.985094490284801461e+06 5.299999999999999850e-02
7.982969664715274237e+06 5.199999999999999761e-02
7.980845969672785141e+06 5.099999999999999672e-02
7.978723404255319387e+06 5.099999999999999672e-02
7.976601967561818659e+06 5.000000000000000278e-02
7.974481658692184836e+06 4.900000000000000189e-02
7.972362476747276261e+06 4.900000000000000189e-02
7.970244420828904957e+06 4.800000000000000100e-02
7.968127490039840341e+06 4.700000000000000011e-02
7.966011683483802713e+06 4.700000000000000011e-02
7.963897000265463255e+06 4.599999999999999922e-02
7.961783439490445890e+06 4.499999999999999833e-02
7.959671000265322626e+06 4.499999999999999833e-02
7.957559681697612628e+06 4.399999999999999745e-02
7.955449482895783149e+06 4.299999999999999656e-02
7.953340402969246730e+06 4.299999999999999656e-02
7.951232441028359346e+06 4.200000000000000261e-02
7.949125596184419468e+06 4.100000000000000172e-02
7.947019867549668998e+06 4.100000000000000172e-02
7.944915254237287678e+06 4.000000000000000083e-02
7.942811755361397751e+06 4.000000000000000083e-02
7.940709370037056506e+06 3.899999999999999994e-02
7.938608097380259074e+06 3.899999999999999994e-02
7.936507936507936567e+06 3.799999999999999906e-02
7.934408886537953280e+06 3.799999999999999906e-02
7.932310946589106694e+06 3.699999999999999817e-02
7.930214115781126544e+06 3.699999999999999817e-02
7.928118393234672025e+06 3.599999999999999728e-02
7.926023778071334586e+06 3.599999999999999728e-02
7.923930269413629547e+06 3.500000000000000333e-02
7.921837866385001689e+06 3.500000000000000333e-02
7.919746568109820597e+06 3.400000000000000244e-02
7.917656373713380657e+06 3.400000000000000244e-02
7.915567282321900129e+06 3.300000000000000155e-02
7.913479293062516488e+06 3.300000000000000155e-02
7.911392405063291080e+06 3.200000000000000067e-02
7.909306617453203537e+06 3.200000000000000067e-02
7.907221929362150840e+06 3.200000000000000067e-02
7.905138339920948260e+06 3.099999999999999978e-02
7.903055848261327483e+06 3.099999999999999978e-02
7.900974453515933827e+06 2.999999999999999889e-02
7.898894154818325303e+06 2.999999999999999889e-02
7.896814951302974485e+06 2.999999999999999889e-02
7.894736842105262913e+06 2.900000000000000147e-02
7.892659826361483894e+06 2.900000000000000147e-02
7.890583903208837844e+06 2.900000000000000147e-02
7.888509071785432287e+06 2.800000000000000058e-02
7.886435331230283715e+06 2.800000000000000058e-02
7.884362680683311075e+06 2.699999999999999969e-02
7.882291119285338558e+06 2.699999999999999969e-02
7.880220646178092808e+06 2.699999999999999969e-02
7.878151260504201986e+06 2.599999999999999881e-02
7.876082961407193914e+06 2.599999999999999881e-02
7.874015748031496070e+06 2.599999999999999881e-02
7.871949619522434659e+06 2.500000000000000139e-02
7.869884575026232749e+06 2.500000000000000139e-02
7.867820613690007478e+06 2.500000000000000139e-02
7.865757734661772847e+06 2.400000000000000050e-02
7.863695937090432271e+06 2.400000000000000050e-02
7.861635220125786029e+06 2.400000000000000050e-02
7.859575582918521948e+06 2.299999999999999961e-02
7.857517024620220065e+06 2.299999999999999961e-02
7.855459544383346103e+06 2.299999999999999961e-02
7.853403141361256130e+06 2.199999999999999872e-02
7.851347814708191901e+06 2.199999999999999872e-02
7.849293563579278067e+06 2.199999999999999872e-02
7.847240387130525894e+06 2.100000000000000130e-02
7.845188284518828616e+06 2.100000000000000130e-02
7.843137254901960492e+06 2.100000000000000130e-02
7.841087297438577749e+06 2.100000000000000130e-02
7.839038411288214847e+06 2.000000000000000042e-02
7.836990595611285418e+06 2.000000000000000042e-02
7.834943849569078535e+06 2.000000000000000042e-02
7.832898172323759645e+06 2.000000000000000042e-02
7.830853563038371503e+06 1.899999999999999953e-02
7.828810020876826718e+06 1.899999999999999953e-02
7.826767545003913343e+06 1.899999999999999953e-02
7.824726134585289285e+06 1.799999999999999864e-02
7.822685788787483238e+06 1.799999999999999864e-02
7.820646506777893752e+06 1.799999999999999864e-02
7.818608287724784575e+06 1.799999999999999864e-02
7.816571130797290243e+06 1.799999999999999864e-02
7.814535035165407695e+06 1.700000000000000122e-02
7.812500000000000000e+06 1.700000000000000122e-02
7.810466024472793564e+06 1.700000000000000122e-02
7.808433107756377198e+06 1.700000000000000122e-02
7.806401249024200253e+06 1.700000000000000122e-02
7.804370447450572625e+06 1.600000000000000033e-02
7.802340702210662887e+06 1.600000000000000033e-02
7.800312012480499223e+06 1.600000000000000033e-02
7.798284377436963841e+06 1.600000000000000033e-02
7.796257796257796697e+06 1.600000000000000033e-02
7.794232268121589907e+06 1.600000000000000033e-02
7.792207792207792401e+06 1.499999999999999944e-02
7.790184367696702480e+06 1.499999999999999944e-02
7.788161993769470602e+06 1.499999999999999944e-02
7.786140669608097523e+06 1.499999999999999944e-02
7.784120394395433366e+06 1.499999999999999944e-02
7.782101167315174825e+06 1.499999999999999944e-02
7.780082987551867031e+06 1.400000000000000029e-02
7.778065854290899821e+06 1.400000000000000029e-02
7.776049766718506813e+06 1.400000000000000029e-02
7.774034724021767266e+06 1.400000000000000029e-02
7.772020725388601422e+06 1.400000000000000029e-02
7.770007770007769577e+06 1.400000000000000029e-02
7.767995857068875805e+06 1.299999999999999940e-02
7.765984985762360506e+06 1.299999999999999940e-02
7.763975155279503204e+06 1.299999999999999940e-02
7.761966364812418818e+06 1.299999999999999940e-02
7.759958613554061390e+06 1.299999999999999940e-02
7.757951900698215701e+06 1.299999999999999940e-02
7.755946225439503789e+06 1.200000000000000025e-02
7.753941586973378435e+06 1.200000000000000025e-02
7.751937984496124089e+06 1.200000000000000025e-02
7.749935417204856873e+06 1.200000000000000025e-02
7.747933884297520854e+06 1.200000000000000025e-02
7.745933384972888976e+06 1.099999999999999936e-02
7.743933918430563062e+06 1.099999999999999936e-02
7.741935483870967291e+06 1.099999999999999936e-02
7.739938080495355651e+06 1.099999999999999936e-02
7.737941707505803555e+06 1.099999999999999936e-02
7.735946364105208777e+06 1.099999999999999936e-02
7.733952049497293308e+06 1.000000000000000021e-02
7.731958762886597775e+06 1.000000000000000021e-02
7.729966503478485160e+06 1.000000000000000021e-02
7.727975270479134284e+06 1.000000000000000021e-02
7.725985063095544465e+06 1.000000000000000021e-02
7.723995880535529926e+06 1.000000000000000021e-02
7.722007722007721663e+06 1.000000000000000021e-02
7.720020586721564643e+06 8.999999999999999320e-03
7.718034473887316883e+06 8.999999999999999320e-03
7.716049382716049440e+06 8.999999999999999320e-03
7.714065312419645488e+06 8.999999999999999320e-03
7.712082262210796587e+06 8.999999999999999320e-03
7.710100231303007342e+06 8.999999999999999320e-03
7.708119218910586089e+06 8.999999999999999320e-03
7.706139224248651415e+06 8.999999999999999320e-03
7.704160246533127502e+06 8.000000000000000167e-03
7.702182284980744123e+06 8.000000000000000167e-03
7.700205338809034787e+06 8.000000000000000167e-03
7.698229407236335799e+06 8.000000000000000167e-03
7.696254489481785335e+06 8.000000000000000167e-03
7.694280584765324369e+06 8.000000000000000167e-03
7.692307692307692021e+06 8.000000000000000167e-03
7.690335811330428347e+06 8.000000000000000167e-03
7.688364941055868752e+06 8.000000000000000167e-03
7.686395080707148649e+06 7.000000000000000146e-03
7.684426229508196935e+06 7.000000000000000146e-03
7.682458386683738790e+06 7.000000000000000146e-03
7.680491551459293813e+06 7.000000000000000146e-03
7.678525723061172292e+06 7.000000000000000146e-03
7.676560900716478936e+06 7.000000000000000146e-03
7.674597083653108217e+06 7.000000000000000146e-03
7.672634271099744365e+06 7.000000000000000146e-03
7.670672462285860442e+06 7.000000000000000146e-03
7.668711656441717409e+06 6.000000000000000125e-03
7.666751852798364125e+06 6.000000000000000125e-03
7.664793050587634556e+06 6.000000000000000125e-03
7.662835249042145908e+06 6.000000000000000125e-03
7.660878447395301424e+06 6.000000000000000125e-03
7.658922644881286658e+06 6.000000000000000125e-03
7.656967840735068545e+06 6.000000000000000125e-03
7.655014034192396328e+06 6.000000000000000125e-03
7.653061224489795975e+06 6.000000000000000125e-03
7.651109410864575766e+06 6.000000000000000125e-03
7.649158592554818839e+06 5.000000000000000104e-03
7.647208768799387850e+06 5.000000000000000104e-03
7.645259938837920316e+06 5.000000000000000104e-03
7.643312101910827681e+06 5.000000000000000104e-03
7.641365257259297185e+06 5.000000000000000104e-03
7.639419404125286266e+06 5.000000000000000104e-03
7.637474541751527227e+06 5.000000000000000104e-03
7.635530669381521642e+06 5.000000000000000104e-03
7.633587786259542219e+06 5.000000000000000104e-03
7.631645891630628146e+06 5.000000000000000104e-03
7.629704984740589745e+06 5.000000000000000104e-03
7.627765064836002886e+06 5.000000000000000104e-03
7.625826131164209917e+06 4.000000000000000083e-03
7.623888182973315939e+06 4.000000000000000083e-03
7.621951219512195326e+06 4.000000000000000083e-03
7.620015240030479617e+06 4.000000000000000083e-03
7.618080243778567761e+06 4.000000000000000083e-03
7.616146230007615872e+06 4.000000000000000083e-03
7.614213197969542816e+06 4.000000000000000083e-03
7.612281146917026490e+06 4.000000000000000083e-03
7.610350076103501022e+06 4.000000000000000083e-03
7.608419984783159569e+06 4.000000000000000083e-03
7.606490872210953385e+06 4.000000000000000083e-03
7.604562737642585300e+06 4.000000000000000083e-03
7.602635580334516242e+06 4.000000000000000083e-03
7.600709399543957785e+06 4.000000000000000083e-03
7.598784194528874941e+06 3.000000000000000062e-03
7.596859964547987096e+06 3.000000000000000062e-03
7.594936708860759623e+06 3.000000000000000062e-03
7.593014426727410406e+06 3.000000000000000062e-03
7.591093117408907041e+06 3.000000000000000062e-03
7.589172780166962184e+06 3.000000000000000062e-03
7.587253414264036343e+06 3.000000000000000062e-03
7.585335018963337876e+06 3.000000000000000062e-03
7.583417593528817408e+06 3.000000000000000062e-03
7.581501137225170620e+06 3.000000000000000062e-03
7.579585649317837320e+06 3.000000000000000062e-03
7.577671129072998650e+06 3.000000000000000062e-03
7.575757575757576153e+06 3.000000000000000062e-03
7.573844988639232703e+06 3.000000000000000062e-03
7.571933366986370645e+06 3.000000000000000062e-03
7.570022710068129934e+06 3.000000000000000062e-03
7.568113017154389061e+06 3.000000000000000062e-03
7.566204287515763193e+06 3.000000000000000062e-03
7.564296520423600450e+06 2.000000000000000042e-03
7.562389715149987489e+06 2.000000000000000042e-03
7.560483870967742056e+06 2.000000000000000042e-03
7.558578987150415778e+06 2.000000000000000042e-03
7.556675062972292304e+06 2.000000000000000042e-03
7.554772097708385438e+06 2.000000000000000042e-03
7.552870090634441003e+06 2.000000000000000042e-03
7.550969041026932187e+06 2.000000000000000042e-03
7.549068948163059540e+06 2.000000000000000042e-03
7.547169811320754699e+06 2.000000000000000042e-03
7.545271629778672010e+06 2.000000000000000042e-03
7.543374402816193178e+06 2.000000000000000042e-03
7.541478129713423550e+06 2.000000000000000042e-03
7.539582809751193970e+06 2.000000000000000042e-03
7.537688442211055197e+06 2.000000000000000042e-03
7.535795026375282556e+06 2.000000000000000042e-03
7.533902561526871286e+06 2.000000000000000042e-03
7.532011046949535608e+06 2.000000000000000042e-03
7.530120481927710585e+06 2.000000000000000042e-03
7.528230865746549331e+06 2.000000000000000042e-03
7.526342197691922076e+06 2.000000000000000042e-03
7.524454477050414309e+06 2.000000000000000042e-03
7.522567703109327704e+06 2.000000000000000042e-03
7.520681875156681053e+06 2.000000000000000042e-03
7.518796992481202818e+06 1.000000000000000021e-03
7.516913054372337647e+06 1.000000000000000021e-03
7.515030060120240785e+06 1.000000000000000021e-03
7.513148009015777148e+06 1.000000000000000021e-03
7.511266900350525975e+06 1.000000000000000021e-03
7.509386733416770585e+06 1.000000000000000021e-03
7.507507507507507689e+06 1.000000000000000021e-03
7.505629221916437149e+06 1.000000000000000021e-03
7.503751875937969424e+06 1.000000000000000021e-03
7.501875468867217191e+06 1.000000000000000021e-03
7.500000000000000000e+06 1.000000000000000021e-03
7.498125468632841483e+06 1.000000000000000021e-03
7.496251874062968418e+06 1.000000000000000021e-03
7.494379215588308871e+06 1.000000000000000021e-03
7.492507492507492192e+06 1.000000000000000021e-03
7.490636704119849950e+06 1.000000000000000021e-03
7.488766849725412205e+06 1.000000000000000021e-03
7.486897928624906577e+06 1.000000000000000021e-03
7.485029940119760111e+06 1.000000000000000021e-03
7.483162883512097411e+06 1.000000000000000021e-03
7.481296758104737848e+06 1.000000000000000021e-03
7.479431563201196492e+06 1.000000000000000021e-03
7.477567298105683178e+06 1.000000000000000021e-03
7.475703962123099715e+06 1.000000000000000021e-03
7.473841554559043609e+06 1.000000000000000021e-03
7.471980074719800614e+06 1.000000000000000021e-03
7.470119521912350319e+06 1.000000000000000021e-03
7.468259895444361493e+06 1.000000000000000021e-03
7.466401194624191150e+06 1.000000000000000021e-03
7.464543418760885485e+06 1.000000000000000021e-03
7.462686567164178938e+06 1.000000000000000021e-03
7.460830639144491404e+06 1.000000000000000021e-03
7.458975634012929164e+06 1.000000000000000021e-03
7.457121551081283018e+06 1.000000000000000021e-03
7.455268389662028290e+06 1.000000000000000021e-03
7.453416149068322964e+06 1.000000000000000021e-03
7.451564828614008613e+06 1.000000000000000021e-03
7.449714427613608539e+06 1.000000000000000021e-03
7.447864945382324047e+06 1.000000000000000021e-03
7.446016381236039102e+06 1.000000000000000021e-03
7.444168734491314739e+06 1.000000000000000021e-03
7.442322004465392791e+06 1.000000000000000021e-03
7.440476190476190299e+06 1.000000000000000021e-03
7.438631291842301376e+06 1.000000000000000021e-03
7.436787307882994413e+06 1.000000000000000021e-03
7.434944237918215804e+06 1.000000000000000021e-03
7.433102081268582493e+06 1.000000000000000021e-03
7.431260837255387567e+06 1.000000000000000021e-03
7.429420505200594664e+06 0.000000000000000000e+00
7.427581084426837973e+06 0.000000000000000000e+00
7.425742574257425964e+06 0.000000000000000000e+00
7.423904974016332999e+06 0.000000000000000000e+00
7.422068283028203994e+06 0.000000000000000000e+00
7.420232500618352555e+06 0.000000000000000000e+00
7.418397626112760045e+06 0.000000000000000000e+00
7.416563658838071860e+06 0.000000000000000000e+00
7.414730598121601157e+06 0.000000000000000000e+00
7.412898443291326985e+06 0.000000000000000000e+00
7.411067193675889634e+06 0.000000000000000000e+00
7.409236848604593426e+06 0.000000000000000000e+00
7.407407407407407649e+06 0.000000000000000000e+00
7.405578869414959103e+06 0.000000000000000000e+00
7.403751233958538622e+06 0.000000000000000000e+00
7.401924500370096415e+06 0.000000000000000000e+00
7.400098667982240207e+06 0.000000000000000000e+00
7.398273736128237098e+06 0.000000000000000000e+00
7.396449704142011702e+06 0.000000000000000000e+00
7.394626571358146146e+06 0.000000000000000000e+00
7.392804337111878209e+06 0.000000000000000000e+00
7.390983000739098527e+06 0.000000000000000000e+00
7.389162561576354317e+06 0.000000000000000000e+00
7.387343018960847519e+06 0.000000000000000000e+00
7.385524372230428271e+06 0.000000000000000000e+00
7.383706620723603293e+06 0.000000000000000000e+00
7.381889763779527508e+06 0.000000000000000000e+00
7.380073800738007762e+06 0.000000000000000000e+00
7.378258730939498171e+06 0.000000000000000000e+00
7.376444553725104779e+06 0.000000000000000000e+00
7.374631268436578102e+06 0.000000000000000000e+00
7.372818874416318722e+06 0.000000000000000000e+00
7.371007371007370763e+06 0.000000000000000000e+00
7.369196757553426549e+06 0.000000000000000000e+00
7.367387033398821019e+06 0.000000000000000000e+00
7.365578197888534516e+06 0.000000000000000000e+00
7.363770250368188135e+06 0.000000000000000000e+00
7.361963190184049308e+06 0.000000000000000000e+00
7.360157016683022492e+06 0.000000000000000000e+00
7.358351729212656617e+06 0.000000000000000000e+00
7.356547327121137641e+06 0.000000000000000000e+00
7.354743809757293202e+06 0.000000000000000000e+00
7.352941176470587961e+06 0.000000000000000000e+00
7.351139426611124538e+06 0.000000000000000000e+00
7.349338559529642574e+06 0.000000000000000000e+00
7.347538574577516876e+06 0.000000000000000000e+00
7.345739471106758341e+06 0.000000000000000000e+00
7.343941248470012099e+06 0.000000000000000000e+00
7.342143906020558439e+06 0.000000000000000000e+00
7.340347443112307228e+06 0.000000000000000000e+00
7.338551859099804424e+06 0.000000000000000000e+00
7.336757153338224627e+06 0.000000000000000000e+00
7.334963325183373876e+06 0.000000000000000000e+00
7.333170373991688713e+06 0.000000000000000000e+00
7.331378299120234326e+06 0.000000000000000000e+00
7.329587099926704541e+06 0.000000000000000000e+00
7.327796775769419037e+06 0.000000000000000000e+00
7.326007326007326134e+06 0.000000000000000000e+00
7.324218750000000000e+06 0.000000000000000000e+00
7.322431047107639723e+06 0.000000000000000000e+00
7.320644216691068374e+06 0.000000000000000000e+00
7.318858258111734875e+06 0.000000000000000000e+00
7.317073170731707476e+06 0.000000000000000000e+00
